const coords = [
  [55.768,37.604],
  [55.778,37.595],
  [55.744,37.589],
  [55.757,37.650],
  [55.770,37.603],
  [55.746,37.589],
  [55.733,37.619],
  [55.767,37.572],
  [55.750,37.675],
  [55.737,37.635],
  [55.756,37.563],
  [55.730,37.583],
  [59.988,30.343],
  [55.779,37.611],
  [55.788,37.596],
  [55.763,37.572],
  [55.755,37.637],
  [55.775,37.628],
  [55.749,37.589],

  [59.951,30.238],
  [59.928,30.328],
  [59.914,30.278],
  [59.958,30.293],
  [59.943,30.271],
  [59.928,30.311],
  [59.942,30.356],
  [59.961,30.321],
  [59.973,30.302],
  [59.973,30.265],
  [59.970,30.265],
  [59.989,30.252],
  
  [55.029,82.926],
  [55.046,82.983],
  [55.019,82.957],
  [55.061,82.921],
  [54.992,82.859],
  [54.965,82.883],

  [56.867,60.601],
  [56.850,60.608],
  [56.829,60.587],
  [56.823,60.597],
  [56.832,60.625],
  [56.834,60.572],
  [56.893,60.623],

  [55.788,49.156],
  [55.790,49.147],
  [55.784,49.132],
  [55.790,49.119],
  [55.793,49.116],
  [55.794,49.099],
  [55.819,49.080],
  [55.825,49.100],
  [55.830,49.135],
  [55.835,49.075],
  [55.821,49.149],

  [56.323,44.021],
  [56.328,43.937],
  [56.310,43.938],
  [56.312,43.995],

  [55.227,61.407],
  [55.188,61.424],
  [55.177,61.431],
  [55.178,61.373],
  [55.159,61.399],
  [55.214,61.404],

  [53.195,50.130],
  [53.190,50.161],
  [53.210,50.187],

  [54.738,55.983],
  [54.734,55.946],
  [54.726,55.962],
  [54.745,55.992],

  [47.228,39.709],
  [47.223,39.700],
  [47.221,39.676],
  [47.227,39.677],
  [47.218,39.656],

  [54.993,73.374],
  [54.997,73.360],
  [54.987,73.366],

  [56.014,92.859],
  [56.024,92.874],

  [51.683,39.180],
  [51.690,39.191],
  [51.689,39.212],
  [51.666,39.199],
  [51.661,39.190]
]